480.69
139.18
494.99
160.01
496.62
144.29
496.19
218.04
211.22
301.35
186.65
147.72
177.10
414.95
185.53
498.76
405.22
291.28
429.29
397.02
340.79
161.11
190.90
192.21
415.11
217.57
203.32
184.06
155.47
404.57
320.25
325.66
322.23
171.79
195.84
204.80
341.85
150.99
400.79
329.24
161.88
200.72
204.56
296.26
147.19
167.07
440.51
182.58
298.80
263.47
395.35
365.86
178.92
402.07
363.07
347.80
440.49
321.38
166.33
414.90
133.52
201.07
202.22
192.89
414.75
332.93
304.12
408.89
447.33
479.77
267.65
297.60
136.53
497.76
204.20
383.16
139.14
341.46
326.89
196.10
207.40
198.17
194.97
135.49
297.19
418.89
160.99
223.51
192.89
291.93
199.95
293.81
375.89
185.20
324.59
297.18
350.70
223.65
304.15
321.77
830.15
1519.58
787.78
1712.40
1218.69
603.19
1277.04
1422.58
765.75
1449.78
732.27
1516.35
1412.94
1566.27
1579.91
1448.37
780.79
721.33
1235.52
742.09
1405.04
1638.41
672.68
1123.03
783.81
1646.95
793.48
723.52
606.25
758.67
1493.48
956.54
942.56
777.96
1443.08
789.75
1140.92
1342.50
1489.72
906.59
622.01
1008.49
1151.13
742.42
906.48
1353.12
1623.10
1463.96
798.68
1492.67
782.62
1531.35
1062.99
1493.07
1271.90
811.12
1180.99
1106.15
785.94
711.98
1324.81
562.93
1084.17
875.64
1501.14
1340.45
778.70
747.67
1679.27
420.98
781.14
957.34
820.35
1217.52
1221.81
1382.57
1510.13
773.36
674.87
731.31
1524.61
1253.05
799.76
1714.55
1017.92
1087.45
802.70
797.15
828.46
1443.00
1541.82
1259.18
901.49
558.95
501.65
1144.08
976.21
699.57
712.52
866.65
1887.35
1589.09
1574.48
1097.35
1530.83
1996.72
1183.58
1058.10
1197.73
1722.36
1531.67
1451.47
1574.50
1141.09
1759.51
1714.82
1636.34
1145.09
1915.46
1524.24
1036.55
1376.75
1914.14
1736.36
1697.54
1410.85
1304.95
1848.01
992.24
1630.87
629.05
1557.30
1175.41
1636.57
1101.94
1774.19
1136.42
1654.29
1707.99
1604.98
1171.48
1547.73
781.43
1589.01
1683.36
1790.47
1954.29
1808.86
1392.84
1787.25
1234.94
1214.80
1915.46
1591.55
1907.25
1132.98
1535.08
920.75
1643.68
1194.81
1565.29
1703.19
1492.82
1261.10
1603.59
1712.74
1731.35
1251.87
1447.46
1907.78
1632.39
1768.32
1509.33
1166.88
1017.49
915.67
1817.22
1480.40
1578.20
923.97
1998.39
1163.59
1547.64
1942.29
1503.78
1932.93
1801.97
1125.66
1653.86
1164.02
2004.64
1906.53
2035.18
1907.35
1159.58
1514.62
927.25
1861.09
1631.54
1681.40
1401.45
979.44
1316.73
779.21
1361.21
775.68
946.73
1470.73
1382.61
1510.94
866.92
1235.97
1186.17
1208.33
1214.93
811.77
1027.39
638.03
1133.33
1075.16
1503.97
776.87
758.39
1427.23
1509.93
1143.45
1227.49
1579.71
1137.83
960.63
588.93
682.48
673.25
1837.27
1329.11
774.24
749.75
670.94
944.10
1060.49
711.50
776.07
1290.71
1384.69
887.74
1076.96
1294.80
654.45
850.67
1109.61
1618.83
1048.03
667.33
1100.54
610.16
750.65
1274.97
1344.95
571.12
729.74
757.12
1127.33
1798.74
1333.43
620.50
1601.19
1461.60
796.08
772.39
1168.18
974.63
1125.87
1354.37
1289.84
1313.66
1007.63
1366.04
623.02
772.97
1208.91
782.52
952.47
1311.25
530.61
1189.00
755.79
1827.48
547.71
839.76
1324.60
667.36
950.86
671.46
1358.81
1760.56
1082.61
1371.44
798.71
1099.44
1706.13
943.17
642.27
883.32
1118.30
822.09
542.91
910.85
939.07
471.45
1160.19
667.22
1126.75
741.60
984.51
783.45
614.76
1183.79
579.36
1463.92
537.51
1053.76
529.57
814.22
777.75
706.23
827.64
1204.41
794.03
532.22
1387.28
508.43
774.94
1010.08
986.30
594.40
1619.53
770.64
859.91
743.03
1007.22
1017.42
900.94
576.08
677.24
557.59
1139.14
587.81
730.87
1162.98
713.19
275.30
272.75
314.91
706.07
1160.46
583.78
876.40
759.98
459.68
861.72
834.73
781.70
791.47
665.01
1218.52
499.78
877.25
1142.14
1194.04
307.37
754.34
858.37
1158.92
1087.93
739.41
773.05
1076.78
1150.65
818.69
372.92
582.15
683.92
279.22
323.43
742.55
663.77
1220.29
846.16
774.63
1160.41
559.63
566.92
328.04
764.68
323.67
322.35
1078.22
777.66
768.37
762.85
996.47
839.05
660.76
285.95
1022.85
266.94
775.13
529.98
847.30
594.82
806.86
782.75
565.45
461.83
292.57
789.24
756.47
1236.98
827.77
461.85
1019.50
742.28
1227.71
432.31
653.91
497.57
628.96
810.79
824.27
386.34
594.64
942.01
797.08
668.29
275.93
869.81
1094.03
305.08
1170.67
594.94
929.50
1004.10
755.23
297.72
476.84
357.70
1201.45
1173.37
374.08
765.71
1419.63
1160.63
1133.21
1398.56
1209.04
482.89
639.69
728.89
1100.22
1360.48
808.97
1401.92
900.16
621.53
1361.85
653.78
701.31
603.91
874.55
1332.70
610.67
601.57
791.69
1525.62
1288.39
698.13
1456.78
700.27
1292.34
610.26
631.02
1093.09
601.75
612.33
795.80
1448.99
1329.22
916.31
1084.90
1286.59
1501.47
863.82
1079.70
1535.35
776.15
1436.39
1357.41
1274.96
746.64
1098.37
1451.86
720.68
1529.26
1378.24
594.72
1329.78
748.92
592.87
747.33
1451.73
840.92
1076.28
1152.09
1472.61
1325.31
764.52
1075.17
1136.62
1374.72
681.27
1518.88
477.50
1352.70
532.20
874.01
1271.72
1329.46
712.05
1473.82
1043.22
770.29
628.39
766.06
1443.04
855.71
628.55
1462.19
1392.46
819.09
1462.35
522.66
923.31
633.04
886.81
947.93
1156.04
610.26
1309.65
1384.15
736.15
1824.14
1936.02
1968.20
1861.10
1658.39
1948.30
1917.88
1968.05
2029.93
1946.81
1963.16
1926.69
1643.17
1943.61
1867.83
1917.87
1809.86
1922.38
1919.98
1890.23
1888.53
1658.54
1895.46
1905.81
1954.00
1917.30
1875.86
2032.37
1764.19
1966.04
1841.37
1859.61
1938.45
1936.70
2017.46
1786.04
1836.45
1932.51
1888.90
1772.58
1859.44
2002.57
1946.51
1679.93
1798.13
1884.93
1839.01
1779.71
2121.08
2019.35
1788.89
1961.07
1881.47
1912.77
1976.07
1857.51
1968.13
2084.39
1883.99
1979.16
1825.51
1837.51
1765.45
1940.05
1933.03
1850.08
1924.68
1802.67
1959.14
1773.64
2092.34
1898.33
1721.72
1947.36
1820.20
2017.18
1826.18
1983.32
1920.38
1859.41
1895.65
1742.72
1933.71
1860.28
1962.25
1896.81
1924.47
1813.42
1857.27
1990.15
1792.61
1949.59
2063.50
1839.54
1954.08
1828.52
1951.64
2043.73
1795.52
1904.90
1341.53
1179.01
1028.93
1854.59
1416.87
760.64
1219.21
1315.97
718.99
1214.22
2094.23
1537.21
1796.42
1743.03
1528.21
1960.80
1669.92
1806.18
1802.67
1369.96
1401.25
2110.91
1754.16
1800.25
1503.57
1410.67
1554.89
846.74
1914.08
1466.73
1700.45
1545.68
1814.52
1093.05
1547.82
2008.26
603.26
1826.47
1676.16
437.71
1885.46
1998.04
1160.96
741.01
1305.71
1670.38
1900.89
707.46
1597.76
1445.79
1513.47
1439.16
1214.76
2084.37
1594.47
962.76
1600.26
1942.02
1227.15
1881.48
1274.51
1156.36
840.69
180.11
1366.88
1264.13
1174.66
1961.48
1367.27
876.30
1561.43
1373.95
1389.39
511.21
1483.40
1616.03
1499.42
1605.93
640.76
1617.45
1221.69
1110.09
1491.06
1812.50
605.88
1617.35
1451.83
1644.40
888.66
1782.60
2047.48
759.50
1340.34
1337.83
1517.79
1686.70
1790.00
1268.63
1019.08
1032.13
1428.48
1783.78
1595.52
1756.10
1862.67
1849.65
1803.37
1810.68
1317.52
1715.85
1327.93
1210.90
1203.63
1440.34
1399.40
1226.50
1566.67
1411.70
1452.85
1647.36
1004.27
1696.53
1832.97
1139.65
1236.55
2108.32
1173.26
1682.97
1553.66
1840.65
518.36
1404.14
1353.26
1093.09
603.74
1456.52
1099.17
1120.21
1738.71
1214.26
755.66
1341.56
776.68
1798.44
1002.51
1884.42
1923.00
1093.28
905.25
1722.25
1620.17
1591.84
1999.64
2107.33
1486.93
729.60
1553.01
681.02
1325.94
1935.51
1875.78
615.30
665.09
1342.48
1630.12
1063.14
762.68
1628.09
1498.46
2035.06
1761.29
1869.61
938.35
1804.69
1223.06
1435.74
1662.45
1931.71
1643.19
1674.75
923.65
1798.85
1889.04
1578.92
1616.31
1381.96
604.79
1069.18
778.88
1537.35
1924.66
1951.98
1339.58
1457.71
1152.33
1515.47
1698.39
1760.70
1278.57
1616.97
1509.30
1353.82
1887.00
1541.76
959.64
1616.46
1392.36
1504.58
1608.53
1925.18
1485.87
1677.49
1687.42
1489.60
1632.10
2155.05
1813.61
2062.60
1539.97
1001.36
1107.22
2161.45
1945.09
1894.46
1088.89
1678.91
826.94
522.71
1420.83
1611.59
1220.77
1007.29
1184.86
1929.03
1954.54
1614.96
1725.97
1963.86
2012.01
1772.32
1563.72
1624.08
1842.31
1444.64
1984.33
1325.63
1284.92
1856.22
1807.02
1851.25
734.95
682.44
1914.69
1604.66
1713.94
1993.58
1574.57
1903.29
1600.56
1968.33
1221.10
1801.68
801.09
1633.98
1675.72
1678.27
1286.11
1507.94
892.67
1955.64
1623.76
715.55
1549.27
1788.28
738.06
1233.71
1638.13
1831.38
1769.88
1296.49
1055.69
994.00
952.03
1435.75
1424.09
808.07
1783.32
1088.49
1129.15
1758.83
1506.10
1047.71
1816.66
1228.20
1131.17
1558.26
589.27
1345.61
1176.43
1707.09
734.71
1339.83
937.50
1895.37
1450.67
1547.97
1727.24
1679.33
820.34
1839.18
1722.03
1156.58
1195.14
1650.37
1572.80
1250.78
1683.85
1732.50
1622.96
1614.35
1455.68
1734.44
682.53
1440.55
1261.51
1620.93
1172.87
1614.23
1754.80
998.57
1494.76
1241.26
1657.93
1638.04
1378.86
614.72
1219.63
1888.54
1618.63
845.04
1809.75
1421.43
1188.93
1724.66
1503.26
1431.40
547.99
1131.73
1859.15
1365.70
969.19
1019.15
1829.84
1156.49
1308.60
1739.34
1595.58
1485.38
856.47
1807.17
1597.84
1747.35
1587.58
1395.11
1451.43
1601.75
1852.93
802.02
1688.65
1718.42
1501.69
1438.09
1773.95
717.26
1648.65
1438.03
1874.69
1931.32
1593.96
1557.58
1444.51
1834.03
1662.43
986.81
1065.32
1251.21
1188.77
1410.69
1780.03
2036.30
1503.00
1225.49
1239.21
1042.03
1528.22
1232.21
1960.04
1720.10
1774.98
1251.90
1633.99
1575.92
286.18
2130.91
1373.87
1632.52
1619.43
1821.88
1862.72
867.31
633.06
1145.29
705.72
1752.03
1758.40
1924.90
492.72
1377.49
1699.00
1527.23
1592.89
1480.32
1183.40
1800.55
1163.65
1598.86
1692.97
1511.87
1955.65
1685.29
627.98
1605.74
616.56
1645.52
1797.81
1740.63
806.77
1476.51
1287.19
936.08
1669.49
854.08
1664.49
1687.77
1626.14
1942.80
1789.00
1509.62
1198.69
1150.01
1730.05
1268.80
1590.49
1464.26
748.30
1109.82
1390.35
1024.35
1810.55
1315.16
1949.49
485.62
1768.19
1487.18
1859.34
1665.90
375.98
732.69
1803.30
627.41
997.57
1529.12
1442.27
1705.50
1360.76
1807.09
1334.89
1753.54
772.36
1511.83
1333.48
1138.97
1514.53
1583.92
1594.85
443.03
1199.67
785.21
1406.69
1535.90
1065.52
1125.49
927.23
1155.79
1128.64
1584.10
1899.32
1940.10
1943.53
1347.53
1914.17
1824.21
985.38
1239.49
736.91
1061.85
1523.59
1208.14
1764.88
1812.63
1516.38
717.75
1511.57
1207.60
1642.64
1726.24
1896.27
1163.44
1683.98
806.72
1591.98
1242.25
1120.47
1725.31
1381.37
1612.16
1834.32
915.34
1272.78
1599.89
662.91
1615.99
1326.77
897.04
1840.66
1494.52
2098.72
1190.98
571.03
1175.21
1496.58
1853.25
1765.14
1713.03
1377.00
1376.72
1660.91
1676.38
1308.70
1482.56
1798.81
1374.00
1504.81
1444.00
1673.14
1833.83
1830.80
1819.00
1254.41
1099.50
1065.63
1405.08
1553.87
932.61
1879.01
1589.42
806.49
1535.49
1962.79
1495.94
1147.81
1074.35
1495.86
1235.41
740.24
1368.90
804.56
1394.85
1202.60
1237.46
1642.17
921.54
1291.56
1211.90
1116.06
1495.45
1603.50
772.22
1702.15
1194.85
531.50
1354.30
953.59
1447.74
1128.61
1627.59
1220.49
1458.57
1176.34
1725.26
1191.85
1608.59
1189.26
1617.10
1913.70
2046.86
1647.28
1304.15
630.02
1755.81
1508.63
1496.58
1357.84
1615.30
1920.92
1539.17
1477.92
1519.45
1066.57
2019.87
1741.31
1900.14
1201.13
1417.12
1606.32
1612.39
1466.09
654.30
1793.46
1288.93
1754.26
1367.21
819.02
1673.41
1846.98
1353.54
1768.84
1545.53
1601.94
735.41
1468.65
2109.21
1479.16
1708.80
1871.40
1681.11
1474.94
1815.25
1497.28
1524.62
1484.51
1531.89
1560.35
2090.67
921.22
767.39
1632.34
1480.32
1241.20
427.75
1356.52
802.90
908.56
1802.46
939.88
1510.47
1737.44
1764.94
1326.79
1934.85
1429.71
1161.13
1203.07
1756.00
1489.25
1664.53
1603.34
1394.71
941.21
1523.70
1509.54
1244.71
1482.80
1673.29
1645.46
1231.17
1664.63
1487.95
1649.89
1766.27
1150.56
1964.40
1472.33
1805.61
1022.11
1979.58
1593.94
1932.48
1273.74
1111.43
1894.53
1744.41
1485.14
979.73
1377.74
1812.86
1468.91
1592.08
1386.49
491.99
1624.49
1039.02
1213.40
1270.25
2171.41
1277.01
1401.06
1678.81
963.98
686.08
1358.95
1480.61
1420.98
1558.62
979.53
1080.38
1477.51
1529.48
1474.08
1371.30
1927.11
1479.59
1193.34
980.91
1520.63
1736.73
1603.72
1393.98
1502.82
717.79
1477.86
939.02
711.15
1311.40
1600.95
1606.66
1856.74
1262.96
1701.35
913.26
1600.59
1815.69
1103.67
1902.28
1221.03
1891.52
703.41
559.45
1518.71
1150.86
1807.19
1267.15
1840.91
1633.23
1463.20
1672.77
1197.25
888.87
1803.59
1727.02
584.83
1165.19
800.92
1147.78
903.43
1452.75
1529.62
1507.28
1891.86
641.34
763.55
565.07
1347.05
1092.74
1584.15
958.32
2148.55
1618.34
290.91
1519.08
1252.67
620.87
1184.77
1478.25
880.68
1826.13
1794.86
1712.80
877.32
509.44
1423.39
976.17
1490.18
1530.52
1127.39
1650.30
426.23
597.85
1676.02
1694.05
719.31
965.02
1155.05
1484.55
1455.34
1367.92
1788.37
460.65
1340.92
828.51
1514.34
1645.45
1769.16
1666.42
1462.18
1907.37
1452.63
1903.35
1238.72
1602.29
818.92
1485.51
1302.62
781.21
1574.57
1645.19
1593.55
1718.15
1472.86
1628.89
1487.82
1170.57
1339.31
1201.76
831.11
1755.00
1618.48
1521.86
1401.74
2080.17
1828.77
1814.23
481.96
1190.39
1204.91
2016.77
1489.97
1110.63
1499.91
980.77
1907.26
1693.97
2109.45
1395.06
1457.74
894.56
1978.87
1693.83
525.30
1322.00
920.59
1352.57
1588.68
1490.21
1501.04
1688.27
1417.53
1853.13
1214.92
1112.83
1432.48
1635.64
787.19
1508.77
1505.58
1031.82
592.61
888.04
1307.16
1192.92
1602.18
1138.44
1836.10
1685.23
664.04
1562.29
1453.20
1432.66
1244.62
1291.81
1762.00
1511.02
1897.07
2146.46
1897.26
1550.06
1354.40
1008.03
1500.13
1412.14
1712.54
1753.78
570.06
1790.53
1917.71
1861.02
1702.88
1296.36
1367.55
1150.06
1260.31
1723.21
716.03
344.34
1004.07
577.77
1328.89
1084.93
924.29
723.22
767.26
1603.66
1411.35
585.12
1260.94
1829.80
910.37
1745.12
1813.56
1509.05
1651.27
435.41
1484.56
1498.72
953.15
1256.05
1333.13
1185.90
1948.25
1335.67
1536.87
749.00
2064.37
1237.98
1904.32
1201.44
1402.53
1259.91
1608.56
765.71
1255.29
445.85
1431.20
1735.18
1865.42
520.63
1749.84
649.05
1024.89
1009.68
1187.07
1695.94
1420.49
1443.68
1544.96
896.63
645.29
1171.97
1881.16
1766.39
1149.27
1970.93
1879.17
1647.22
985.72
1540.53
1448.90
744.82
1581.19
1136.84
1575.41
1328.52
1496.76
1642.67
1483.22
1452.67
1652.03
1665.71
1613.32
1458.44
1191.34
1563.44
1792.46
1083.34
1670.92
1134.68
928.72
1648.97
1407.80
1867.63
953.90
1203.80
1303.08
1131.92
1799.33
1187.60
1958.16
554.45
1370.40
1529.90
1271.80
1511.68
1770.16
1886.14
1563.70
1239.16
1310.54
1702.01
2037.72
492.28
1948.99
746.81
1040.96
1728.28
1129.05
1477.38
567.03
1851.43
1513.88
1955.11
1912.76
1370.81
1650.83
1523.70
1924.99
1670.04
1470.28
896.02
820.94
1607.62
818.87
1687.77
1353.17
1370.75
2213.37
1602.54
1632.76
1627.94
1156.90
1757.11
1761.86
1901.54
586.50
1145.13
1053.43
1484.90
1778.03
1667.89
1508.97
1786.83
1642.42
1495.59
1613.79
1778.74
1509.64
1930.86
951.67
1362.92
1000.76
1691.17
1709.77
1727.03
669.47
1311.14
817.27
1199.49
1250.33
1219.05
536.68
1390.93
1359.96
1654.74
1133.53
700.85
1112.22
1605.32
568.76
652.69
1640.75
1744.49
1297.73
1709.51
1706.63
1762.87
1601.91
1624.54
1527.90
1333.47
1762.55
1597.67
1194.80
764.94
1192.06
1130.09
1534.63
552.00
1539.80
1897.65
1729.13
1394.64
1468.02
917.95
1727.49
2103.15
1262.09
1172.32
1823.56
1158.26
1328.94
1437.75
1629.57
957.81
1193.75
1848.97
1832.30
1911.07
1270.61
1632.28
1788.98
1622.59
1949.66
1698.79
1593.51
1719.74
1337.75
1846.36
1382.75
1567.03
1324.07
1504.19
1534.96
1455.36
889.86
679.76
1708.47
1583.26
1174.58
1098.90
1120.77
1544.81
1181.23
570.17
724.76
1626.68
1700.29
1497.59
1491.30
1935.07
1871.40
2009.83
1205.79
1588.70
1069.11
1198.77
959.42
1756.29
615.93
1572.07
1117.08
1663.70
1860.55
1337.41
1629.02
1025.49
1500.38
1722.80
534.79
1391.59
1206.98
1459.14
1379.05
1566.27
752.66
1429.64
1612.35
194.37
750.78
1959.10
1626.07
797.63
1184.99
1813.88
720.04
755.00
1976.86
1691.53
1662.84
1928.79
1921.14
1305.16
1530.86
1232.50
1780.95
1675.67
1606.56
1595.36
2047.33
627.01
1738.87
1274.48
1547.78
1517.04
884.91
1242.09
1414.37
1486.49
783.90
1459.44
1871.01
1513.28
928.21
1517.62
1392.04
1615.76
1861.63
1919.90
667.79
209.82
827.78
1619.08
1728.34
1855.12
1597.93
1561.66
1815.19
1726.21
1723.51
609.25
1754.95
1856.96
1539.71
1747.39
1920.39
1316.34
1919.58
1405.40
1247.70
1434.82
977.24
1591.60
1535.44
1751.20
1237.00
1541.86
276.13
1936.51
1451.18
1398.90
526.45
779.04
1780.74
1593.24
1718.49
1089.58
1790.19
1394.72
833.52
1859.22
1252.43
918.74
691.15
1218.33
1939.26
1951.95
1382.30
651.20
1201.02
1109.02
876.51
1716.40
1235.03
1378.54
1317.90
1510.08
1449.92
1778.24
840.84
1217.60
1882.26
1684.44
418.71
1944.23
1460.15
2038.39
1781.83
858.90
1164.52
567.34
1681.61
1661.27
775.61
1136.85
1726.75
644.64
1029.80
776.76
1658.60
1528.19
2052.44
966.90
1250.43
1160.25
1562.88
1943.40
660.37
1901.21
1334.50
1472.39
539.75
1437.37
1504.58
1872.73
1769.63
726.41
1644.84
1136.35
1814.75
1402.94
1567.78
1710.97
661.21
1108.38
1118.60
941.86
1452.23
1479.69
1733.45
1478.84
1419.19
1393.49
1230.66
1379.72
1534.91
1956.09
972.06
1823.61
1599.88
1666.47
1502.75
1174.48
1438.48
1918.25
1702.34
823.50
1575.01
1489.20
2009.87
1654.02
1610.53
1746.71
1420.51
1521.63
1641.41
1804.65
1138.49
1522.87
797.59
1735.01
1803.83
487.96
1603.66
1881.55
1823.03
1332.89
1245.19
759.06
1191.52
1803.72
1221.05
1765.17
1206.08
682.15
1329.62
1604.63
1286.30
1755.09
1206.08
394.85
876.74
1772.91
2112.53
1622.62
1635.45
1986.99
1312.39
1535.45
1719.49
1627.57
1324.40
1509.54
1433.99
1651.07
1169.00
1567.27
1544.92
1144.44
945.83
690.72
1815.31
1246.11
1460.50
846.43
1161.52
1464.63
1635.95
1149.06
1325.82
1756.65
791.22
1891.21
1019.68
781.66
1693.27
1074.03
1644.45
1920.17
1057.76
1810.48
1886.06
1910.91
741.85
445.26
924.69
1536.35
1736.44
592.60
1839.80
1845.64
1242.82
1604.03
808.18
689.92
1712.55
738.78
160.50
1260.06
1825.48
1681.23
1615.34
1950.31
1690.02
2054.46
1668.69
1413.75
1243.84
1711.63
806.52
1474.40
1493.91
1798.43
1213.82
1643.77
1208.04
1610.36
1526.01
1390.25
1397.60
1205.42
1866.75
1035.44
1735.39
2071.26
785.47
1831.53
170.36
1972.20
1311.51
1708.57
1694.87
1086.30
1770.55
1966.19
1614.80
1610.53
564.30
1527.34
1708.85
1545.74
1336.80
1780.18
1001.27
1856.02
1640.44
1201.63
212.63
1847.47
533.83
290.45
1236.86
915.62
1822.38
1795.76
1455.64
1818.71
1602.70
1499.12
1557.11
1097.56
808.43
1656.44
1160.60
1519.76
1318.47
1466.57
1710.23
1651.37
1499.65
659.20
1474.12
1498.76
1804.11
861.75
687.08
1219.48
1165.85
1338.52
1034.44
1641.51
1539.43
1771.78
791.09
1791.54
816.57
1932.66
1840.72
1450.18
1245.42
1460.22
781.70
1932.71
1292.41
871.88
1604.70
1015.32
902.16
583.62
1039.68
537.94
1873.69
1878.22
1692.07
1217.13
1170.73
530.80
1522.55
1700.84
1143.38
457.64
1597.04
1655.53
536.73
1364.94
825.96
862.64
1212.10
2054.48
949.49
310.80
1236.97
1941.28
1459.90
1834.20
1909.00
1039.68
1641.23
1911.46
1267.38
905.23
1112.77
1695.38
1360.47
1387.65
948.85
1538.80
2047.76
1422.35
1152.46
1881.31
1944.09
1367.55
1701.29
1486.30
942.18
1854.77
1343.40
1242.36
1521.64
1749.36
1496.36
538.20
1512.17
790.20
1061.95
186.22
1680.17
1839.70
1717.77
1170.94
1394.28
1694.59
1892.45
1604.07
1265.03
1467.38
629.46
1798.90
1919.76
1046.35
1793.76
1246.93
1704.39
1903.64
1648.97
629.66
796.88
1523.24
1834.00
1435.21
1153.91
1495.23
1352.60
1143.74
1808.39
1622.46
1843.02
1623.66
1095.57
1841.70
1456.62
1663.80
944.10
1567.32
1079.98
906.01
1482.54
1640.06
1550.90
1535.51
1860.71
1177.45
765.92
960.37
1783.56
1593.74
1664.51
1356.89
1247.33
1339.48
732.56
2037.54
1136.36
1927.90
876.91
1624.78
591.34
1390.07
1223.05
1046.16
405.75
1692.34
1699.61
732.62
1133.81
2055.54
1841.49
1224.81
1864.64
1511.15
1589.38
1608.41
1488.06
2092.70
991.59
733.45
1915.94
1653.21
1574.59
1890.68
2154.17
1518.26
1677.25
1591.71
1364.31
1208.13
1229.78
1282.81
1540.38
1467.84
1965.38
1544.08
1594.50
1634.21
1670.24
1301.83
1806.88
1080.14
1368.22
1434.42
1610.81
1963.91
566.39
1040.65
1362.51
1938.90
1778.77
1128.61
1893.75
1631.13
1628.61
1777.93
937.66
908.54
1790.40
259.20
1870.81
1946.43
1942.40
1724.34
1420.11
1518.01
1508.46
1816.48
237.33
1626.50
1169.75
1183.13
1936.84
1314.29
1281.96
1457.05
1643.69
1638.04
1508.23
1620.60
1445.04
1797.33
781.84
1344.15
1147.59
1140.33
733.90
674.33
954.85
1597.03
596.57
1432.02
848.54
1529.99
1896.65
1910.78
1567.79
1918.00
1506.32
1351.94
1635.69
1890.14
1098.65
509.62
1157.36
1797.19
1607.44
1858.40
1913.88
653.27
448.83
1770.64
1171.48
1756.27
1004.89
1832.64
1218.22
1616.61
1187.32
1199.84
1344.96
1421.31
1945.80
1311.49
1968.11
1496.16
1478.83
1685.38
1617.59
1914.44
1444.83
1573.47
1000.54
2082.20
1141.52
801.66
1542.85
1289.01
1614.33
841.69
1314.29
1269.58
1626.35
1650.91
2016.96
1209.02
1427.85
1588.76
530.49
1656.87
1577.74
1874.66
1867.49
592.31
567.37
1647.82
1868.40
1206.66
1882.25
758.43
1179.04
1395.54
753.60
2095.13
1408.27
1101.71
1768.19
1934.30
1457.56
1053.60
734.52
1460.44
1576.50
1810.55
1515.59
1681.17
1616.09
1183.50
1813.42
1622.46
1513.70
1946.17
301.69
1701.74
1346.95
1648.14
586.51
756.72
1888.60
1899.74
1249.72
802.85
1539.21
1897.70
1696.17
1299.12
1674.36
1665.11
1227.12
1706.23
1641.97
1478.40
1154.92
1288.02
774.24
1745.69
2171.26
1573.86
1860.45
2192.98
1837.50
1508.14
1591.72
726.63
831.84
1503.04
769.08
1509.11
1420.44
1891.53
958.57
1667.58
1653.19
1577.78
1695.25
1512.43
1785.45
552.24
944.63
696.03
1372.67
782.95
1865.79
1687.00
2056.46
1528.44
1335.18
1130.07
512.96
942.02
1634.67
1507.54
1662.86
1043.97
897.10
1378.73
1300.60
1564.45
897.60
839.30
1520.09
1517.61
1919.10
884.25
1168.13
463.13
713.46
1660.21
1503.80
1793.23
1488.57
1645.41
1562.04
1795.21
1902.03
1244.17
1906.65
1512.62
1600.46
991.79
1423.10
1764.00
351.95
1851.79
1818.17
1141.56
1510.39
1108.77
1746.95
1181.64
1479.25
1490.12
1554.29
716.86
1685.85
1581.64
1605.75
1005.77
1010.84
1855.82
709.88
1752.68
1924.13
882.95
1425.30
1929.97
1391.39
784.96
1787.12
1172.49
1176.61
1181.49
1829.01
976.74
1314.69
1960.94
1537.46
1189.69
1636.12
1616.13
1376.06
1023.26
1522.20
1200.98
757.54
1223.72
1352.86
379.01
1630.53
477.23
1523.54
1238.00
1736.31
1655.65
1746.18
1468.93
1552.94
430.02
769.10
1511.60
1902.80
1171.19
1621.18
1867.78
1619.12
1445.95
1558.46
1175.33
1583.88
469.51
2171.86
1427.16
990.87
768.28
707.20
1840.67
1378.87
1449.32
1903.83
1802.01
1348.92
1621.86
1569.62
1060.82
1953.25
1634.95
1607.26
1590.15
1513.64
1945.53
1489.38
1720.88
966.88
859.18
1707.37
1745.97
1334.90
957.23
2005.47
1359.54
1567.09
1629.46
1612.79
1484.58
1166.37
1533.82
1305.70
1907.14
1203.79
1734.77
1687.84
1589.56
2094.42
1251.63
1362.06
1639.45
1638.40
1427.55
803.25
1073.02
1621.79
1449.19
1846.38
1613.47
1267.33
965.84
1165.66
1174.55
1886.76
1519.68
1219.24
1837.13
1324.24
1678.53
1976.26
1859.68
1607.62
1632.09
1640.86
1180.19
504.13
1660.74
2007.11
1785.92
1658.13
2168.52
1643.95
1864.93
1265.69
1164.08
1289.13
1750.32
1625.50
1657.63
1188.31
1662.65
1702.03
859.90
1854.35
1453.68
1958.46
2160.26
1237.05
786.55
1553.04
1819.17
1746.20
1664.23
1045.82
1907.13
1807.06
1833.75
1204.39
1650.73
1941.39
373.58
624.91
1398.04
859.93
1421.20
1129.73
1786.75
1113.63
1186.82
1102.17
1224.35
1699.29
1653.28
1312.26
1164.37
1718.17
1621.64
1496.60
932.86
1951.06
1534.33
1505.46
1284.76
1499.08
1749.81
1349.36
1202.79
489.75
812.07
1504.25
908.46
1452.46
1511.97
1615.05
2098.33
1915.14
1782.24
1625.05
1469.64
1416.23
1909.72
1482.48
1608.54
1851.38
1921.81
1471.55
1740.71
1585.84
1570.04
1771.08
964.16
1147.02
1989.40
1987.70
1462.07
923.03
1681.29
1962.51
1512.05
1632.11
1600.56
1938.18
895.01
1698.46
709.87
1240.70
1588.97
711.48
1511.20
1612.36
1892.09
1792.78
1693.50
1178.25
1154.73
1366.86
1902.62
1862.13
1530.08
1728.66
1374.32
943.27
1709.61
1207.19
1543.49
1216.18
1519.12
1857.34
1911.39
1920.29
1506.75
878.04
1869.65
1216.19
1616.17
1355.32
1707.34
1217.95
1036.03
1192.87
1649.37
1402.94
1592.37
1081.40
1680.84
1627.50
1703.86
1954.70
1664.83
510.43
1366.53
1129.80
1372.15
2107.05
828.47
1605.20
1829.80
1103.36
1296.27
1795.50
1762.42
1604.83
1647.84
588.83
792.91
1202.38
1491.00
1590.82
1637.31
1620.13
1503.27
1353.83
1595.74
718.07
1648.18
1794.07
1913.25
1910.11
1830.93
1530.38
897.53
987.88
1643.04
781.03
1495.42
1510.52
1577.28
813.52
1639.42
1892.90
932.32
1791.13
945.50
946.14
1753.26
1314.29
1797.82
1830.37
1599.10
916.27
1493.50
948.74
1351.81
1555.14
1122.67
1628.59
1557.33
1077.24
874.89
1486.18
1093.28
1835.91
1297.15
1245.22
1650.54
1427.14
805.84
1176.26
1523.19
917.37
639.14
654.56
533.41
1358.75
1784.07
692.82
1610.09
1564.85
1499.45
1522.15
1750.62
1873.99
891.01
1453.88
2105.48
1552.28
1715.85
1333.66
1282.30
1676.17
1294.37
1291.24
1062.17
1614.10
1705.08
1460.87
1189.18
1660.54
743.24
1043.99
953.45
1648.68
1082.38
1359.93
858.01
952.39
1421.47
925.10
796.99
498.09
1584.45
917.28
810.82
1863.03
754.68
1931.73
1339.43
1610.52
1805.89
1355.14
830.35
1792.36
1571.57
1757.74
669.44
955.45
1039.72
1580.64
565.91
1487.75
1693.58
1490.53
1863.51
1143.97
1092.11
1691.59
1558.87
1922.35
1942.52
1491.72
1670.89
1681.22
702.48
1594.90
888.85
1805.00
971.35
304.80
767.13
1295.26
1717.12
1844.74
1009.39
1443.02
1311.74
845.07
1380.93
1647.85
1491.36
1619.87
1884.22
535.90
1617.96
827.75
1788.65
1185.36
1197.72
1026.89
1922.60
1321.38
1276.92
1977.57
1586.01
1212.92
1876.74
1595.13
1567.73
1983.55
1756.23
1188.24
1519.83
1421.79
1646.06
1228.65
1686.89
1137.56
1629.00
1625.54
1755.47
1766.36
2151.32
2111.46
732.25
1506.92
1641.39
1536.60
545.22
785.96
1119.84
2007.14
1318.72
1433.33
1778.50
832.97
1622.64
1589.31
1734.10
504.78
944.62
1724.65
1758.61
949.46
1136.19
1956.78
1781.81
1691.16
1696.63
1436.08
551.56
1900.48
1472.60
1218.24
2166.11
1429.62
1776.05
1229.74
1610.65
1733.22
1918.58
1770.86
840.50
1707.46
1285.66
1596.21
1854.39
1389.06
1725.95
1331.73
1723.15
772.71
720.86
1071.78
1315.68
1793.06
1151.94
1836.98
1255.81
1467.90
1506.37
1427.36
1384.23
1189.77
1904.38
1917.75
1238.46
868.08
1123.82
1510.08
2097.08
902.37
1643.03
1394.79
2093.21
1429.71
1918.72
682.34
1619.45
1335.68
1141.73
1505.32
1150.95
993.60
1598.97
1209.55
1782.21
1487.30
1329.20
1668.27
1450.28
1542.80
1348.80
2159.76
1504.25
1462.95
1154.93
1215.58
1882.40
1620.98
1576.61
792.11
1418.29
1798.79
1642.67
1741.59
1972.29
869.46
1480.98
1752.38
1641.30
882.61
1906.51
634.62
1554.06
1405.46
1529.10
1215.29
754.99
1130.64
1740.95
1035.90
1587.32
1732.16
1511.15
1772.48
1291.58
1883.62
1606.11
1626.17
1750.15
489.88
1274.87
1119.42
1776.84
1845.45
510.91
969.19
1333.20
1726.11
1923.86
1365.28
1870.48
1818.75
1077.26
1634.10
1851.31
1655.59
1464.78
1500.72
1150.73
1935.31
1446.59
1277.24
1467.15
1763.01
1376.60
721.57
1439.18
1873.36
894.98
1497.75
1595.17
1316.64
1482.15
856.57
765.11
1718.50
1634.02
1163.38
1168.46
1886.48
1541.54
1824.90
615.87
1510.57
754.80
1275.78
1467.82
838.08
766.36
1467.83
776.41
1800.10
1339.12
1279.50
1918.91
1325.87
1491.21
1541.73
1347.77
1298.85
1298.67
1253.58
1641.68
899.85
666.09
946.90
537.51
2036.45
1716.75
1293.63
1142.94
510.63
1192.70
1437.07
1444.94
1271.74
2177.90
1270.57
1372.54
1535.21
1801.19
1731.08
1680.81
1642.12
1351.39
1731.99
1913.60
1478.33
1638.49
1608.36
693.06
1675.05
1261.82
1113.76
1863.05
1985.75
1938.87
1148.34
1559.57
863.42
910.19
1833.01
1147.09
1632.10
464.52
1362.02
1730.56
977.20
1615.13
1731.11
1851.56
224.48
1321.51
1987.42
1915.81
736.42
1351.86
1629.35
1712.75
1698.60
1916.94
1381.39
1505.05
776.40
1517.66
1145.83
736.08
1450.20
222.04
1859.46
682.25
666.95
1603.14
1285.14
2094.05
1223.70
1909.33
1926.12
903.35
1873.79
1506.16
2121.57
641.16
686.30
1645.97
1620.75
1426.02
635.70
1679.05
2155.61
1118.32
1152.30
749.10
1722.68
1804.20
1627.27
2061.76
1620.20
1541.32
545.53
1112.35
1757.94
1985.98
1735.33
1813.91
741.13
1638.23
1375.50
1976.43
1316.97
1354.15
1617.13
1655.33
824.80
1794.53
1337.19
1543.23
1819.37
1359.42
1249.58
1497.65
1925.28
760.48
902.06
1956.47
1764.15
579.59
1604.82
1529.13
1518.40
1845.17
1792.24
1025.32
949.17
1721.99
1518.90
1589.68
769.75
1458.43
926.76
1481.44
1309.32
1528.73
1855.98
1642.51
994.87
1625.31
1544.21
1183.53
1376.14
1807.65
1757.20
1597.66
1747.05
1494.38
1900.40
1608.41
1875.04
1863.06
1272.33
1326.41
1620.66
1240.84
1728.50
1700.40
1851.16
1451.56
1716.54
1966.34
578.04
1345.52
711.08
1730.68
1571.11
1660.54
1400.24
695.10
1360.89
1363.07
1437.98
1268.59
1819.56
1895.79
1268.06
1958.96
699.60
1583.81
887.81
1554.08
1167.46
1147.46
1635.44
1358.20
1146.09
602.13
1445.85
1433.09
1481.73
1814.15
1681.13
1497.35
1751.68
1726.49
1515.43
1526.56
1343.25
1257.74
1476.33
1945.69
1014.97
986.55
1963.20
760.03
1760.33
1565.18
1488.11
1362.93
1791.81
1299.16
1861.21
1818.64
1028.60
1734.15
1171.29
707.09
1354.73
775.68
1570.49
1889.08
1532.85
1476.99
1671.03
272.47
1618.96
1150.51
1280.97
1702.24
1046.26
777.41
1748.89
893.35
1354.21
1714.77
678.97
1529.22
695.40
560.77
1428.37
1600.02
1138.54
1611.77
1464.53
1103.02
1889.51
1682.32
1656.31
1627.74
1460.64
1497.86
677.58
1692.08
1851.53
758.95
740.48
1001.17
1683.99
1833.78
1152.13
1953.55
1262.62
1186.42
1907.51
1116.16
1915.51
828.97
1415.04
1540.51
904.92
1849.22
1289.06
1180.38
1787.89
1299.25
935.82
1816.84
1982.14
1636.47
1530.03
1217.11
1149.01
1176.23
1585.79
1292.64
1915.37
1600.32
1346.34
1223.47
802.24
1756.73
1568.63
1220.11
1452.61
1907.52
2146.95
770.41
1770.69
1763.98
752.44
277.59
1568.39
1337.23
1321.77
1095.40
712.00
1639.51
1724.53
1454.99
1722.67
1539.68
1419.40
971.87
1586.51
986.63
1151.49
1546.61
1165.80
1102.28
771.75
930.32
1793.22
2060.40
1742.85
1882.29
1192.77
1606.62
1666.83
1198.19
1331.28
1944.90
1204.10
1679.47
1669.42
1981.09
1515.35
1381.80
1448.95
1920.16
1034.91
893.59
1434.06
1567.30
941.22
1053.84
1209.47
1227.99
1823.79
1433.07
1346.28
1824.50
1569.65
1602.29
305.96
362.45
1941.37
1689.93
1057.15
1866.59
840.21
962.22
754.90
1639.53
1194.79
1991.94
839.52
1503.73
1425.15
725.04
1816.74
1134.95
642.05
1369.23
1767.50
1664.70
1274.16
1895.80
1437.97
672.09
1822.99
2075.53
1406.25
2017.90
1234.67
2158.44
1192.78
1816.40
877.21
1420.49
774.79
1170.02
1350.03
1493.62
1315.61
1524.94
709.42
691.36
1515.97
1259.91
1926.12
1808.55
1620.39
745.10
1412.17
1136.16
892.67
1622.32
863.92
1461.19
1341.40
1423.06
1455.39
1674.21
967.23
1067.25
1842.31
1370.61
1956.34
882.04
785.33
1854.38
957.13
1332.80
1699.03
1534.13
1243.84
184.57
1818.56
1338.03
2023.01
1427.57
1539.33
1266.19
1923.26
1730.12
1702.34
1628.91
1531.50
779.25
1806.80
1486.46
1481.56
1598.19
1810.15
1451.77
1352.11
1808.42
1768.16
1200.56
1749.47
1354.35
793.68
793.90
1365.04
1923.18
1182.94
911.10
1649.57
807.19
1594.32
1320.31
1157.43
1537.50
1528.01
1545.28
861.35
1737.64
1248.69
1135.75
1102.19
1485.58
1516.62
1548.87
1063.57
1314.00
862.47
1791.48
1224.75
1650.01
1131.21
2134.67
1720.10
1219.94
1837.22
1221.85
1777.65
1559.82
1213.37
1517.17
1574.63
1348.30
662.35
1628.57
1367.09
1008.53
2029.09
1300.89
1771.15
1115.95
1466.38
1173.09
1906.26
1528.57
1904.33
1627.79
1597.55
1793.67
965.35
1646.65
818.32
1409.77
1103.36
1233.75
1157.99
1957.19
1809.52
1542.90
1172.49
807.00
1610.19
2184.80
1763.89
654.67
1220.66
1140.01
1555.80
1486.33
1440.18
1574.97
1473.25
201.41
1545.06
1734.76
1430.05
1644.15
1075.47
1892.61
1806.10
1027.22
553.64
2150.47
1172.07
1708.39
1725.14
1384.49
1933.78
1311.19
1677.51
1777.98
514.95
1283.99
229.51
1762.21
767.57
887.05
1804.52
1748.65
824.46
1389.56
1556.08
1958.42
1820.51
406.62
1621.29
1127.02
1882.01
1112.60
1931.46
1995.42
1987.83
1486.15
1719.87
1188.88
1463.10
714.64
1667.99
1518.49
971.52
1143.68
1674.55
1250.18
1752.54
290.88
1710.93
1713.73
955.10
1081.83
762.66
1448.33
1112.50
1165.45
1220.05
1122.21
1529.20
1499.11
1120.53
1307.63
1573.15
1257.88
1496.65
1335.61
1793.22
1834.82
1147.33
1206.60
1047.74
1623.02
814.92
673.17
1305.27
892.82
1839.70
1351.97
877.38
1793.77
1136.18
1951.36
1309.86
1186.75
1348.38
759.00
1342.46
1336.06
1382.22
1843.88
846.80
1303.06
1419.46
1703.21
591.59
1461.06
1387.23
926.56
1899.03
1842.40
1033.05
1359.58
1248.59
1638.70
1627.70
1368.83
957.04
750.61
2008.66
1177.66
1973.44
1181.85
789.45
1958.61
1435.82
1521.65
1204.09
1416.85
1514.06
1298.35
1239.75
843.29
1376.32
1349.57
1315.98
1440.47
733.96
1420.73
1111.16
1348.13
1420.50
1684.21
1971.24
1606.81
1293.02
1912.37
1072.21
1521.67
1110.25
1672.91
1252.13
1203.83
1577.48
1621.79
1749.25
751.95
1169.18
2044.62
1762.41
1744.72
1336.29
1959.77
1750.85
2035.36
1595.66
1516.19
1585.61
1804.14
1448.86
1195.90
1398.04
1491.51
1266.84
638.10
1094.24
1833.94
1236.39
1572.35
1886.25
1798.12
1557.21
893.89
1550.30
1868.37
385.44
1408.36
1384.81
1599.11
1605.21
1128.69
1361.16
701.54
569.44
1312.62
1568.66
1979.43
1860.69
1783.83
1461.15
1637.71
1702.39
1902.26
897.76
1741.45
636.77
922.78
1165.56
1422.77
982.30
1614.90
1171.77
1574.57
1651.67
1596.29
1417.83
1467.51
1673.37
1298.97
1630.09
1896.68
1673.14
1045.90
1252.99
1746.16
971.49
1325.45
887.18
909.63
1535.91
1743.99
920.22
778.04
1144.75
1732.40
1424.50
1338.66
937.38
1843.30
1545.33
1597.02
1618.02
1404.39
1247.50
751.01
1382.66
890.26
778.01
1706.62
1960.30
1276.36
1955.02
884.77
1281.57
963.35
896.05
1047.35
1259.41
1533.17
1476.37
822.14
1526.91
1814.04
1469.26
1285.12
1673.25
1605.24
1976.27
1219.22
1036.01
1372.11
1760.53
1309.17
1219.48
1600.64
1123.29
511.03
1660.09
1614.10
814.16
1173.34
1187.14
867.33
1612.53
1545.94
1094.64
1159.01
1588.17
1632.26
1705.42
1663.92
1461.42
1445.88
1723.29
1795.66
1680.70
1985.53
1829.94
1640.38
1695.35
1202.43
1474.30
1219.67
1209.48
1739.14
1326.95
1175.33
1698.99
720.04
1796.44
1213.24
988.62
1005.59
1902.16
1536.64
1510.79
1628.11
1432.28
1562.48
882.23
1351.19
928.90
1497.57
1674.28
1054.51
1430.29
1511.11
1021.06
1282.91
837.18
1520.97
1797.07
981.82
1266.78
749.47
1533.70
383.59
1103.15
766.70
1429.07
1591.50
1958.51
2093.49
1368.14
1888.57
752.65
950.87
1913.94
1515.06
1340.80
1406.58
1507.57
1231.04
1918.71
1597.51
1050.08
2073.72
2076.18
2016.85
1634.20
1551.18
808.68
1561.00
1204.86
1514.67
1498.44
962.59
530.06
1910.85
1385.45
778.47
1492.99
1650.01
1260.07
1628.13
1897.92
970.86
774.66
1337.71
1736.18
736.91
754.65
561.25
1866.03
1649.19
1425.04
1865.70
1299.22
1911.71
1621.15
1382.84
1589.60
1924.10
1611.50
1243.13
1587.16
814.93
721.20
1537.55
1594.66
1588.79
1582.87
976.90
1766.37
1757.23
1671.53
1976.37
1615.08
1698.61
1458.75
2150.41
1785.21
1188.72
801.42
727.32
1782.40
1152.69
1648.02
1710.13
1524.04
1220.29
1429.49
1342.50
1507.65
794.31
1209.62
1788.99
785.68
1677.76
1079.81
1646.49
1491.69
1193.17
774.54
1558.63
1516.27
1532.87
1524.48
1215.26
1705.15
1290.21
1497.62
1425.86
1807.80
940.97
1787.12
1756.09
1561.71
571.92
582.18
1797.15
1123.22
804.22
1598.14
944.32
1644.20
1757.46
1482.96
1771.77
1675.92
1562.07
1867.03
1870.48
1296.56
1491.11
1503.10
1562.28
1194.06
1098.61
1525.28
1313.48
1240.65
1568.05
1653.55
1299.26
1504.88
1781.39
675.10
693.73
1575.32
1478.97
1381.37
1741.82
1645.68
1204.94
1070.15
1645.73
1370.38
1068.53
1900.13
1486.38
1853.69
1524.25
1732.69
1191.85
1444.67
1689.24
1795.56
2043.22
951.73
638.24
1263.45
1426.50
893.27
705.23
1815.91
1175.36
1849.24
1294.26
1753.65
1846.31
1711.57
932.22
1502.35
1686.95
1163.09
732.15
596.86
1210.41
1777.83
1664.96
729.10
1306.27
1506.46
1671.34
1540.08
1911.41
1972.07
1867.87
1480.32
1963.66
947.06
1145.30
432.74
1694.18
1496.85
1321.22
1511.06
1604.85
2091.54
1823.45
1755.95
1504.72
1426.72
1505.77
1623.63
2041.55
1915.64
1331.72
835.08
1682.93
1452.81
1227.35
1414.94
1369.06
1861.03
1170.84
1140.70
1232.06
469.22
1547.03
1584.74
1579.43
1426.79
1234.89
1181.55
1328.54
1096.96
553.45
1551.55
884.43
1621.15
1081.06
1935.06
960.26
1979.87
1829.31
1663.22
1621.82
1909.53
1294.57
1798.25
518.81
957.88
2156.55
1055.27
1284.57
1383.07
1612.16
525.43
1483.45
1477.94
1308.66
1896.90
1900.04
324.76
1539.23
506.16
1624.97
1419.13
1606.43
1439.97
1793.80
1913.93
545.43
188.05
1335.48
1136.65
1182.99
1333.08
822.21
1769.27
872.21
1802.64
1539.77
794.59
816.34
1203.50
1695.36
1760.11
744.08
1639.42
1598.45
1045.35
578.49
704.98
1538.92
1236.70
1068.57
1437.95
892.81
1657.67
655.46
1245.77
1732.12
1589.88
1962.50
1690.89
1472.61
870.26
1754.00
777.11
1554.34
1185.30
1621.04
1290.01
1275.05
1482.69
1507.77
1528.18
1496.56
1860.30
1778.32
1819.12
790.72
1839.16
1331.21
1475.17
1912.57
1655.07
1670.77
740.91
1256.17
1316.59
1928.06
1451.47
1821.77
1763.81
770.41
1599.92
1671.13
1799.64
1095.35
1058.06
864.82
1436.87
2159.56
1083.24
1738.14
1558.78
1237.66
522.77
1687.51
853.35
1493.31
565.22
1124.23
1143.62
1266.40
1870.42
2013.61
808.55
1634.81
845.06
653.64
1350.69
1164.73
706.39
1539.41
1762.40
1202.24
1529.70
1157.26
1253.73
1532.17
1494.81
1109.40
1278.13
1356.20
458.08
572.76
1598.76
1193.41
1137.78
1064.69
1344.66
1109.90
843.37
1729.95
778.93
895.54
1448.31
1608.75
1567.99
1187.17
1553.13
1668.52
1684.17
1440.08
1904.33
1401.10
1652.25
1773.45
1079.91
1729.61
1463.46
1514.86
1404.68
1279.98
1721.03
1360.65
1855.65
1898.92
1862.21
1843.39
1676.70
1183.99
1595.84
1685.97
1295.02
1350.01
1151.55
1649.55
1948.47
1785.25
1922.51
1361.61
1004.41
1428.81
1620.33
1348.06
1738.18
586.66
1397.43
495.72
1416.21
2051.89
1513.45
1588.26
962.41
735.86
1674.70
1336.27
1337.37
1497.89
1325.31
1920.95
1641.80
726.76
1219.07
1730.13
1260.85
1337.58
1505.60
1495.23
1177.47
763.05
514.88
1806.49
921.36
1730.20
1877.40
1588.24
1553.82
1940.46
832.55
1319.77
1481.91
1308.32
1288.98
653.62
1790.33
1609.37
1457.17
422.19
1151.49
1512.62
1548.78
949.52
1950.50
881.83
757.98
1363.93
1251.75
1815.65
894.79
1150.93
1820.78
2012.65
1752.13
1343.72
1117.52
607.52
1624.09
1447.19
1709.88
430.66
1758.14
1749.32
1691.56
1533.57
1755.12
941.09
729.64
1741.49
1679.12
1651.56
1338.12
1202.86
1428.04
1089.47
927.24
1931.14
1056.74
1354.18
1412.72
1127.42
1142.42
1586.26
1919.64
1329.52
613.32
1408.39
1120.26
1623.43
1520.22
1271.84
1750.25
1468.42
1587.97
1894.16
1485.12
983.96
1485.38
2163.02
1171.43
1595.01
1563.12
1080.35
1282.79
1481.58
1070.91
1600.41
773.72
1401.59
1039.47
1266.91
1563.35
733.42
1380.21
1959.88
782.35
2161.92
928.66
1172.32
931.68
1596.98
1865.03
1436.17
1502.36
1281.87
949.85
789.01
1842.66
1187.26
1820.30
1648.88
1677.93
1116.96
1513.54
1454.57
1792.92
1190.71
1342.56
1681.84
745.43
1595.73
1836.74
1861.24
1795.50
1784.95
1140.22
1671.67
279.51
1357.78
1153.15
1370.70
843.44
2099.91
1426.95
1359.27
894.94
1936.19
945.78
163.07
875.62
962.94
1895.14
1969.02
1778.42
1658.20
1941.77
1203.13
1564.18
966.09
1187.07
1495.83
999.45
817.87
1728.67
1206.54
754.51
1416.56
1684.84
1400.70
1667.12
1948.61
1114.78
1927.93
1620.13
1499.30
1687.24
1381.89
1160.58
830.26
1107.72
539.13
1596.71
1642.05
1714.97
1491.73
1230.33
1310.14
1277.51
585.07
1801.45
1710.13
1492.12
1807.76
1574.85
1343.67
2004.18
825.36
1242.61
840.66
1723.35
1392.19
963.53
1182.41
1803.09
1730.82
1610.77
1375.97
740.16
2072.92
837.47
1365.89
1480.79
1266.77
1517.80
1326.23
1394.60
1153.07
1080.38
1957.50
1585.16
738.14
1842.53
1365.92
1354.31
618.11
1733.61
1431.00
516.49
1158.33
1470.10
303.71
1368.15
1181.22
1355.27
1654.90
1454.49
1350.75
1718.23
2158.02
588.77
1561.98
703.91
1631.70
1424.59
1193.91
1954.40
1634.79
1785.69
1483.25
1394.74
1918.17
1141.87
1733.67
1402.87
1396.58
1219.53
1769.42
498.38
1060.97
952.75
1001.10
1766.82
774.93
1027.27
1870.37
1502.20
1217.97
326.64
1283.42
1195.78
1041.07
1176.08
789.04
1623.19
1652.37
1901.79
1460.52
1718.73
888.51
1554.11
1654.25
1588.51
1557.96
2099.53
1209.11
1507.41
1403.27
1249.86
1973.73
1791.80
1516.08
965.59
1668.95
791.75
1437.72
782.69
1818.37
1465.49
1261.28
1576.67
1546.84
2065.06
1648.00
195.40
1582.86
1684.60
1334.62
991.12
1406.54
1529.46
1200.07
964.64
1944.63
1614.74
1556.21
2006.14
1910.57
1507.54
1302.33
1612.30
1641.48
1376.66
400.03
1642.19
1804.87
1464.22
1188.55
1801.78
663.99
530.92
595.77
1846.60
1241.08
